"Benchmark","Mode","Threads","Samples","Score","Score Error (99.9%)","Unit","Param: n"
"jmh.VectorOpFullBenchmark.testAdd","avgt",1,5,0.053927,0.008998,"ms/op",10000
